0.383662
0.731363
0.469241
0.610138
0.553559
0.701541
0.322265
0.489662
0.504726
0.169015
0.477730
0.816543
0.678646
0.028747
0.613970
0.807719
0.072813
0.148240
0.810232
0.600376
0.149746
0.084575
0.258903
0.335449
0.905634
0.485104
0.526357
0.411035
0.795392
0.071837
0.212330
0.201867
0.857531
0.860833
0.591857
0.320936
0.861909
0.713749
0.054144
0.441158
0.104453
0.188499
0.584415
0.597653
0.101263
0.792215
0.008020
0.681392
0.106889
0.786969
0.890798
0.093620
0.104814
0.699765
0.386387
0.733837
0.376142
0.508595
0.709965
0.810617
0.118538
0.553935
0.093040
0.787576
0.494837
0.168236
0.730900
0.537985
0.779789
0.260993
0.997077
0.841070
0.695917
0.499497
0.033984
0.788012
0.554761
0.903701
0.210481
0.571714
0.652553
0.225770
0.752080
0.590431
0.146161
0.273605
0.089743
0.599506
0.323160
0.874902
0.882679
0.554563
0.148895
0.810451
0.264168
0.786993
0.100678
0.690235
0.054063
0.325758
0.267747
0.172020
0.611933
0.314381
0.776164
0.994583
0.844990
0.394019
0.174304
0.966467
0.391621
0.480861
0.133345
0.759234
0.766142
0.764854
0.255716
0.129072
0.462037
0.101490
0.360452
0.713682
0.060194
0.544500
0.199838
0.469971
0.628847
0.390281
0.370732
0.565487
0.693389
0.373104
0.975433
0.722149
0.616051
0.514649
0.368411
0.890672
0.349223
0.923620
0.155491
0.994194
0.211859
0.768655
0.010438
0.121340
0.171023
0.945755
0.153613
0.496892
0.056333
0.235788
0.532463
0.732063
0.339372
0.112316
0.862908
0.882811
0.448969
0.786223
0.888314
0.647545
0.239277
0.671686
0.038283
0.278063
0.026354
0.180176
0.157201
0.207277
0.935394
0.045875
0.429801
0.582744
0.593732
0.824495
0.521425
0.394112
0.334894
0.288359
0.372605
0.448738
0.307543
0.000566
0.174029
0.051636
0.605842
0.845643
0.498533
0.934937
0.266163
0.214848
0.014288
0.680410
0.179182
0.640027
0.339712
0.378850
0.600886
0.543350
0.535344
0.952820
0.031845
0.767066
0.586615
0.547874
0.301680
0.272832
0.445987
0.192442
0.704731
0.811107
0.184331
0.663495
0.847611
0.689036
0.188883
0.296899
0.555251
0.758044
0.639008
0.172901
0.794999
0.063560
0.762548
0.411786
0.268019
0.576699
0.776365
0.420219
0.559370
0.039316
0.464104
0.055963
0.861647
0.753592
0.506714
0.491836
0.360276
0.147091
0.615616
0.507747
0.391112
0.454888
0.168186
0.772739
0.072955
0.495220
0.913332
0.348485
0.342579
0.686801
0.862901
0.521351
0.655975
0.930194
0.479372
0.403352
0.240660
0.444066
0.198817
0.125393
0.863968
0.857159
0.157575
0.164899
0.563158
0.184484
0.747121
0.709804
0.060023
0.131719
0.783054
0.045903
0.583918
0.833230
0.812683
0.684759
0.912793
0.241208
0.111717
0.095493
0.466186
0.472851
0.068594
0.458622
0.194728
0.120071
0.017916
0.711071
0.059460
0.950097
0.275603
0.385910
0.543738
0.079500
0.827490
0.705672
0.531139
0.459236
0.452658
0.996815
0.678438
0.538360
0.914405
0.262984
0.248678
0.689759
0.542165
0.372741
0.382175
0.762099
0.110258
0.031054
0.331283
0.941405
0.404620
0.461523
0.756899
0.921388
0.914568
0.532195
0.155911
0.526546
0.809961
0.698757
0.214474
0.865496
0.077900
0.681129
0.613791
0.985952
0.753379
0.769176
0.444394
0.094453
0.284299
0.498825
0.855461
0.949819
0.714502
0.617949
0.234744
0.883656
0.321599
0.223677
0.904543
0.265037
0.172270
0.632388
0.467421
0.700769
0.202304
0.604038
0.275091
0.488390
0.456541
0.354675
0.158841
0.457193
0.878928
0.419019
0.827951
0.676613
0.964625
0.586600
0.351369
0.339346
0.444636
0.884202
0.620321
0.526221
0.186574
0.146406
0.167127
0.534646
0.324236
0.924708
0.779608
0.856574
0.064952
0.198566
0.980048
0.842301
0.392410
0.001358
0.185617
0.159585
0.619641
0.947187
0.961393
0.843635
0.657923
0.000451
0.161081
0.745489
0.280011
0.554220
0.255201
0.528747
0.070517
0.999413
0.734857
0.620775
0.024175
0.583569
0.791003
0.089556
0.539891
0.986838
0.671434
0.978940
0.416284
0.153810
0.704170
0.308392
0.286789
0.739817
0.396390
0.379792
0.033479
0.312176
0.097180
0.415304
0.307978
0.811352
0.319230
0.388805
0.703572
0.475971
0.137168
0.371044
0.653528
0.717605
0.906082
0.107663
0.047888
0.975782
0.079588
0.347088
0.612284
0.730228
0.841749
0.215608
0.955903
0.336150
0.604830
0.578159
0.274251
0.629717
0.238381
0.780452
0.473545
0.032520
0.279924
0.100844
0.646057
0.593613
0.970168
0.484625
0.743889
0.975213
0.172120
0.846244
0.184599
0.364768
0.189750
0.962991
0.798689
0.758616
0.652913
0.689558
0.619661
0.506008
0.811255
0.725199
0.902357
0.760174
0.427671
0.306368
0.873977
0.919648
0.317687
0.017707
0.600818
0.349953
0.746439
0.152559
0.109276
0.413832
0.648637
0.900728
0.242306
0.023927
0.629439
0.643957
0.241576
0.680441
0.387232
0.911008
0.138160
0.379628
0.218436
0.363460
0.405071
0.649553
0.311209
0.787761
0.355568
0.765766
0.125829
0.804260
0.371404
0.829772
0.964672
0.505475
0.557033
0.221003
0.986971
0.323085
0.946055
0.838740
0.060980
0.976674
0.988307
0.783688
0.715342
0.970885
0.232075
0.944013
0.171383
0.741996
0.223614
0.880427
0.213119
0.049156
0.559836
0.429692
0.499332
0.574098
0.420808
0.811304
0.829120
0.704708
0.837196
0.791663
0.469960
0.922908
0.793053
0.806657
0.063510
0.390230
0.118867
0.216737
0.118112
0.818978
0.308372
0.621908
0.396217
0.379460
0.930271
0.932386
0.363838
0.168928
0.297802
0.437851
0.835433
0.476577
0.247260
0.139139
0.770918
0.046148
0.516753
0.534074
0.015744
0.217416
0.236817
0.196777
0.937138
0.633354
0.679111
0.977062
0.541313
0.957582
0.550953
0.518025
0.677022
0.059488
0.851185
0.141439
0.535203
0.710159
0.582021
0.182051
0.424794
0.567444
0.328614
0.499559
0.180737
0.055282
0.570720
0.425067
0.164488
0.138165
0.155440
0.489958
0.894339
0.293848
0.374109
0.045744
0.141945
0.084664
0.208659
0.038639
0.760099
0.035010
0.807699
0.771128
0.072802
0.635583
0.300718
0.795146
0.750464
0.740379
0.554012
0.296365
0.054903
0.463389
0.028217
0.098966
0.831075
0.847261
0.522417
0.005652
0.371887
0.640556
0.093177
0.709412
0.060918
0.397068
0.404085
0.157086
0.564612
0.743956
0.194677
0.842269
0.162111
0.408892
0.637369
0.928328
0.026220
0.918792
0.411571
0.441086
0.821281
0.026134
0.961601
0.409375
0.838504
0.765167
0.186945
0.040532
0.588991
0.068718
0.410046
0.022331
0.639400
0.055619
0.161052
0.482930
0.855951
0.974217
0.390714
0.421559
0.048198
0.350262
0.454194
0.359204
0.288250
0.630812
0.479831
0.504184
0.694361
0.006526
0.337834
0.038858
0.656520
0.792839
0.921312
0.590674
0.122247
0.603724
0.026782
0.693883
0.310443
0.966100
0.770709
0.668415
0.925151
0.340680
0.914704
0.927985
0.062167
0.518064
0.071946
0.659079
0.580334
0.580959
0.064764
0.900353
0.412886
0.270870
0.536041
0.479616
0.835003
0.428364
0.414372
0.466545
0.095741
0.501281
0.922398
0.236726
0.924064
0.753595
0.704986
0.155393
0.616571
0.709360
0.299060
0.629045
0.089869
0.602876
0.382300
0.653559
0.134872
0.823299
0.142108
0.966634
0.775856
0.787457
0.696606
0.541799
0.252044
0.413566
0.071282
0.505244
0.229647
0.235213
0.987574
0.012992
0.740514
0.234045
0.583729
0.038729
0.387073
0.336080
0.918535
0.662965
0.024481
0.809455
0.677813
0.778044
0.263546
0.779762
0.190504
0.121645
0.516891
0.705592
0.148943
0.744284
0.965578
0.165409
0.437292
0.583295
0.877972
0.772304
0.358293
0.434410
0.397983
0.409885
0.303595
0.180792
0.666933
0.366442
0.705324
0.702011
0.806179
0.862042
0.997507
0.632197
0.583975
0.970342
0.238760
0.039416
0.491308
0.437404
0.103733
0.108136
0.926262
0.931003
0.361470
0.129977
0.561331
0.397927
0.992021
0.616711
0.592774
0.392464
0.294939
0.719511
0.419424
0.185933
0.951284
0.062576
0.151185
0.848690
0.604372
0.565074
0.735483
0.214130
0.503342
0.411533
0.180143
0.683036
0.007909
0.202036
0.230011
0.516559
0.414974
0.533462
0.496721
0.066691
0.199864
0.887766
0.785033
0.441159
0.996177
0.899199
0.315742
0.574954
0.661784
0.044446
0.613736
0.304655
0.727657
0.539372
0.566774
0.621546
0.779809
0.805733
0.315896
0.526517
0.216218
0.686560
0.024479
0.166387
0.709200
0.662856
0.741212
0.284206
0.583728
0.866611
0.801037
0.244342
0.397356
0.819715
0.534247
0.594226
0.076833
0.650017
0.917024
0.265846
0.031183
0.977197
0.301071
0.504419
0.992251
0.801564
0.648856
0.582291
0.401765
0.819833
0.407084
0.402641
0.409518
0.850554
0.812385
0.397262
0.696934
0.915498
0.728351
0.343025
0.190941
0.825758
0.664634
0.745386
0.984995
0.515185
0.942206
0.392218
0.526873
0.502249
0.564129
0.784164
0.542735
0.338948
0.652570
0.760903
0.122919
0.677269
0.004407
0.197214
0.393364
0.852323
0.180409
0.966024
0.013740
0.791254
0.276681
0.298000
0.726105
0.448808
0.391843
0.745808
0.154266
0.863879
0.283717
0.298742
0.921193
0.350917
0.373019
0.585178
0.730272
0.829626
0.706378
0.038186
0.735085
0.559374
0.909442
0.473832
0.763282
0.471445
0.961068
0.670951
0.198935
0.831641
0.200598
0.999188
0.998590
0.774521
0.392786
0.500373
0.299478
0.081736
0.854385
0.299377
0.502509
0.207333
0.673772
0.633297
0.529191
0.962617
0.047506
0.796630
0.604248
0.243589
0.402133
0.867410
0.038120
0.357607
0.932073
0.230308
0.368154
0.103841
0.170071
0.863891
0.357101
0.568573
0.263913
0.234534
0.817187
0.180109
0.911665
0.858680
0.671103
0.389400
0.395357
0.835970
0.369115
0.892920
0.102293
0.378341
0.597901
0.834365
0.914836
0.773838
0.192058
0.349090
0.363579
0.175679
